[POLE][TRIALS      1][TIME_STEPS     64][SHARING_INTERVAL      4][AGENT_GROUP_SIZE      8][ALPHA 0.0500][EPSILON 0.0000][GAMMA 0.9000][LAMBDA 0.7000][TEST_INTERVAL      4][TEST_REPS  16384][RESTART_INTERVAL      4][DIVS  3  2  3  2][CHUNK_INTERVAL      4][INIT_SHARING_WGT 0.5000][INIT_THETA_MIN-0.1000][INIT_THETA_MAX 1.0000][THETA_BIAS_MAX 0.0000]
----------------|
................
      10.193 ms for run on CPU
CPU: 
    TEST  Avg Episode
   [   0]      221
   [   1]      307
   [   2]      138
   [   3]      241
   [   4]      126
   [   5]       92
   [   6]      272
   [   7]      242
   [   8]      204
   [   9]      169
   [  10]      216
   [  11]      167
   [  12]      208
   [  13]      148
   [  14]      243
   [  15]      247
----------------|
................
      27.386 ms for total GPU time
       0.254 ms for pole_clear_trace_kernel
       7.616 ms for pole_learn_kernel
       0.215 ms for pole_share_kernel
      12.974 ms for pole_test_kernel
       0.227 ms for pole_reduce_kernel
GPU: 
    TEST  Avg Episode
   [   0]      221
   [   1]      307
   [   2]      138
   [   3]      241
   [   4]      126
   [   5]       92
   [   6]      272
   [   7]      242
   [   8]      204
   [   9]      169
   [  10]      216
   [  11]      167
   [  12]      208
   [  13]      148
   [  14]      243
   [  15]      247




[agent 7]:    seeds = 13457555, 655403581, 2401488879, 3974585303
FEATURE       ACTION    THETA       E         WGT     BIAS
      0    0       0    0.4011    0.0000      0.50   -0.4483
      0    0       1    0.4603    0.0000      0.50   -0.4048
      1    1       0    0.5156    0.0000      0.50    0.0911
      1    1       1    0.3291    0.0000      0.50    0.2040
      2    2       0    0.3600    0.0000      0.50   -0.3342
      2    2       1    0.6770    0.0000      0.50   -0.0519
      3   10       0    0.2914    0.0000      0.50   -0.3104
      3   10       1    0.5425    1.0000      0.50    0.4634
      4   11       0    0.4879    0.0000      0.50    0.2545
      4   11       1    0.5445    0.0000      0.50   -0.2622
      5   12       0    0.3929    0.0000      0.50   -0.4996
      5   12       1    0.4441    0.0000      0.50   -0.3195
      6  100       0    0.3999    0.0000      0.50    0.2725
      6  100       1    0.4755    0.0000      0.50   -0.4124
      7  101       0    0.4846    0.0000      0.50   -0.3919
      7  101       1    0.3524    0.0000      0.50   -0.1453
      8  102       0    0.4758    0.0000      0.50   -0.0957
      8  102       1    0.4007    0.0000      0.50   -0.1126
      9  110       0    0.3794    0.0000      0.50   -0.2540
      9  110       1    0.6004    0.0000      0.50    0.4121
     10  111       0    0.3675    0.0000      0.50   -0.2637
     10  111       1    0.4865    0.0000      0.50    0.0615
     11  112       0    0.3637    0.0000      0.50   -0.3577
     11  112       1    0.4497    0.0000      0.50    0.0364
     12  200       0    0.2917    0.0000      0.50   -0.4799
     12  200       1    0.5849    0.0000      0.50   -0.2365
     13  201       0    0.4245    0.0000      0.50    0.3884
     13  201       1    0.5175    0.0000      0.50    0.2219
     14  202       0    0.4569    0.0000      0.50   -0.4318
     14  202       1    0.4952    0.0000      0.50    0.0577
     15  210       0    0.4557    0.0000      0.50   -0.1075
     15  210       1    0.2751    0.0000      0.50    0.1265
     16  211       0    0.4203    0.0000      0.50    0.0708
     16  211       1    0.6344    0.0000      0.50   -0.0889
     17  212       0    0.3091    0.0000      0.50   -0.0943
     17  212       1    0.3911    0.0000      0.50    0.3578
     18 1000       0    0.5018    0.0000      0.50   -0.1586
     18 1000       1    0.8125    0.0000      0.50   -0.3379
     19 1001       0    0.4197    0.0000      0.50   -0.2005
     19 1001       1    0.5317    0.0000      0.50    0.4728
     20 1002       0    0.6065    0.0000      0.50    0.0919
     20 1002       1    0.2751    0.0000      0.50   -0.1201
     21 1010       0    0.4539    0.6300      0.50    0.0774
     21 1010       1    0.4292    0.0000      0.50   -0.2763
     22 1011       0    0.2996    0.0000      0.50    0.3128
     22 1011       1    0.4409    0.0000      0.50   -0.1633
     23 1012       0    0.5471    0.0000      0.50    0.2254
     23 1012       1    0.3848    0.0000      0.50   -0.0840
     24 1100       0    0.5996    0.0000      0.50    0.3730
     24 1100       1    0.4329    0.0000      0.50    0.2112
     25 1101       0    0.3800    0.0000      0.50   -0.1136
     25 1101       1    0.4680    0.0000      0.50   -0.1095
     26 1102       0    0.2493    0.0000      0.50    0.1704
     26 1102       1    0.3610    0.0000      0.50    0.4331
     27 1110       0    0.3972    0.0000      0.50    0.3874
     27 1110       1    0.3647    0.0000      0.50    0.4099
     28 1111       0    0.2922    0.0000      0.50   -0.4540
     28 1111       1    0.3298    0.0000      0.50   -0.0076
     29 1112       0    0.5224    0.0000      0.50    0.3449
     29 1112       1    0.4839    0.0000      0.50   -0.0990
     30 1200       0    0.4069    0.0000      0.50    0.1928
     30 1200       1    0.3702    0.0000      0.50   -0.3716
     31 1201       0    0.5099    0.0000      0.50   -0.1048
     31 1201       1    0.4419    0.0000      0.50   -0.2957
     32 1202       0    0.5833    0.0000      0.50    0.4843
     32 1202       1    0.5496    0.0000      0.50    0.0755
     33 1210       0    0.4038    0.0000      0.50   -0.3016
     33 1210       1    0.3802    0.0000      0.50   -0.2597
     34 1211       0    0.2943    0.0000      0.50   -0.0125
     34 1211       1    0.5110    0.0000      0.50   -0.3410
     35 1212       0    0.5985    0.0000      0.50    0.0439
     35 1212       1    0.4983    0.0000      0.50    0.0683
